                   MONTHLY CLIMATOLOGICAL SUMMARY for nov 2023


NAME: Utrera 'La Mulata', Sevilla, Andalucia, Spain                  
ELEV: 56 meters    LAT: 37-11.44 N    LONG: 005-46.04 W


                   TEMPERATURE (C), RAIN (mm), WIND SPEED (km/h), HORASFRIO (horas)

                                         HEAT   COOL                 AVG
      MEAN                               DEG    DEG    HORAS         WIND                   DOM
DAY   TEMP   HIGH   TIME    LOW   TIME   DAYS   DAYS   FRIO    RAIN  SPEED   HIGH   TIME    DIR
-------------------------------------------------------------------------------------------------
 01   17,8   23,5  13:57   11,9  07:03    0,5    0,0    0,0    0,0    0,2   82,1  23:10    216
 02   19,4   23,4  12:26   14,9  23:46    0,0    1,0    0,0    4,5    0,5  178,6  06:27    226
 03   16,1   19,5  14:23   13,5  02:27    2,2    0,0    0,0    0,0    0,0    3,6  15:50    N/A
 04   18,1   22,8  13:08   14,2  00:00    0,2    0,0    0,0    1,2    0,1   68,4  22:41    250
 05   16,9   21,1  14:48   12,9  07:06    1,4    0,0    0,0    0,0    0,0   46,4  07:37    253
 06   15,4   19,8  14:42   11,2  07:14    2,9    0,0    0,0    0,0    0,1   49,0  02:10    327
 07   13,7   19,5  16:05    8,6  06:57    4,6    0,0    0,0    0,0    0,1   72,4  12:48    344
 08   14,5   20,0  14:37    8,9  04:50    3,9    0,0    0,0    0,0    0,0   28,1  00:40    270
 09   16,1   19,7  16:44   13,7  05:50    2,2    0,0    0,0    0,6    0,0   88,2  15:20    256
 10   16,4   21,4  15:54   11,8  07:20    1,9    0,0    0,0    0,0    0,0    7,2  04:59    N/A
 11   18,4   23,4  16:34   15,9  23:56    0,0    0,0    0,0    0,0    0,0   33,1  12:23    287
 12   18,2   24,4  15:21   12,5  06:46    0,1    0,0    0,0    0,0    0,1  148,0  08:11     33
 13   19,2   25,9  14:17   13,9  06:30    0,0    0,9    0,0    0,0    0,0   11,2  12:22     90
 14   19,3   27,4  14:28   13,6  06:35    0,0    1,0    0,0    0,0    0,0   30,6  02:23     30
 15   18,8   27,2  16:11   12,7  07:24    0,0    0,5    0,0    0,0    0,0    3,6  11:31    N/A
 16   17,5   25,9  16:11   11,2  06:49    0,8    0,0    0,0    0,0    0,0    2,5  02:54    N/A
 17   18,7   26,4  15:16   12,1  07:06    0,0    0,4    0,0    0,0    0,0    3,6  11:59    N/A
 18   19,3   26,5  14:58   13,7  07:13    0,0    1,0    0,0    0,0    0,0    2,5  00:16    N/A
 19   17,9   25,9  15:26   10,7  07:29    0,4    0,0    0,0    0,0    0,0    2,5  02:06    N/A
 20   17,4   23,3  14:58   11,8  07:37    0,9    0,0    0,0    0,0    0,0    2,5  11:13    N/A
 21   15,6   19,8  15:17   12,6  23:54    2,7    0,0    0,0    0,0    0,0    5,0  19:16      0
 22   13,9   19,5  14:58    8,3  07:20    4,4    0,0    0,0    0,0    0,0    3,6  09:49    N/A
 23   14,1   21,5  13:18    8,6  07:05    4,3    0,0    0,0    0,0    0,0   50,0  20:10     52
 24   12,2   20,0  14:30    5,9  07:05    6,2    0,0    2,4    0,0    0,0    2,5  00:00    N/A
 25   12,1   21,0  15:12    5,3  07:27    6,2    0,0    4,1    0,0    0,0    3,6  06:51    N/A
 26   12,9   20,3  14:24    6,0  05:53    5,5    0,0    2,8    0,0    0,0    2,5  04:33    N/A
 27   12,5   16,8  15:34   10,3  07:00    5,8    0,0    0,0    0,0    0,0   67,3  19:23    132
 28   14,3   18,0  15:27   10,9  05:53    4,0    0,0    0,0    0,0    0,0    6,1  07:56     42
 29   17,1   18,6  12:04   14,3  00:05    1,2    0,0    0,0   13,2    0,0   15,8  22:27    145
 30   18,5   20,2  12:16   16,6  06:40    0,0    0,2    0,0    1,8    0,3   35,6  23:53    200
-------------------------------------------------------------------------------------------------
      16,4   27,4     14    5,3     25   62,5    5,0    9,3   21,3    0,0  178,6     02    227
    
