                   MONTHLY CLIMATOLOGICAL SUMMARY for dic 2023


NAME: Utrera 'La Mulata', Sevilla, Andalucia, Spain                  
ELEV: 56 meters    LAT: 37-11.44 N    LONG: 005-46.04 W


                   TEMPERATURE (C), RAIN (mm), WIND SPEED (km/h), HORASFRIO (horas)

                                         HEAT   COOL                 AVG
      MEAN                               DEG    DEG    HORAS         WIND                   DOM
DAY   TEMP   HIGH   TIME    LOW   TIME   DAYS   DAYS   FRIO    RAIN  SPEED   HIGH   TIME    DIR
-------------------------------------------------------------------------------------------------
 01   14,1   18,8  02:18   10,6  23:44    4,2    0,0    0,0   16,2    0,9   43,9  02:56    212
 02   11,4   16,0  13:50    7,3  06:55    7,0    0,0    0,0    0,0    0,0   11,2  09:11     22
 03   10,5   16,5  15:35    5,9  06:40    7,8    0,0    4,2    0,0    0,4   61,2  16:25     21
 04   11,2   12,5  10:42    9,6  00:07    7,2    0,0    0,0    3,6    0,1   15,8  22:09     19
 05   11,7   13,8  15:05    9,8  05:09    6,7    0,0    0,0    0,6    0,8   23,4  05:40     35
 06   13,6   15,5  15:43   11,8  04:25    4,7    0,0    0,0    0,6    0,4   12,2  11:27    356
 07   15,8   19,2  13:32   13,8  07:58    2,5    0,0    0,0    0,6    0,4   13,3  14:10    264
 08   16,1   19,4  14:01   12,5  23:23    2,2    0,0    0,0    1,5    0,6   23,4  15:20    266
 09   14,6   20,0  15:34   10,4  05:08    3,8    0,0    0,0    0,0    0,2   14,8  13:52      9
 10   15,0   20,4  15:33   10,8  07:35    3,4    0,0    0,0    0,0    2,9   23,4  14:40     19
 11   14,6   20,1  16:03   10,5  07:31    3,7    0,0    0,0    0,0    4,1   24,5  06:57     22
 12   15,4   21,6  14:46    9,9  06:45    3,0    0,0    0,0    0,0    2,3   25,6  14:14    227
 13   15,0   17,2  15:43   10,3  23:55    3,4    0,0    0,0    0,0    3,4   18,4  11:39    286
 14   10,8   15,9  15:46    6,2  07:42    7,6    0,0    2,8    0,0    2,6   20,9  21:46     36
 15   11,9   17,4  14:03    7,3  07:35    6,4    0,0    0,0    0,0    9,8   39,2  10:23     43
 16   11,7   19,4  14:17    6,2  07:44    6,7    0,0    1,2    0,0    7,3   30,6  13:22     41
 17   10,5   18,7  14:46    5,5  05:41    7,8    0,0    7,5    0,0    4,1   18,4  16:43     27
 18    9,6   17,0  15:09    5,0  06:52    8,7    0,0    9,7    0,0    3,4   14,8  12:45     28
 19    8,8   16,4  14:47    2,9  07:28    9,6    0,0    8,9    0,0    2,9   13,3  08:28     33
 20    7,2   12,5  12:28    2,3  05:58   11,1    0,0   12,3    0,0    2,0   14,8  14:43     29
 21    9,4   16,3  15:49    3,7  07:15    8,9    0,0    8,8    0,0    6,2   31,7  14:24     32
 22   11,2   19,5  15:21    5,6  05:57    7,2    0,0    6,6    0,0    4,3   25,6  12:26     32
 23   10,4   18,6  14:58    4,7  07:24    7,9    0,0    7,2    0,0    2,2   18,4  14:46     25
 24   10,4   18,4  13:25    4,8  07:29    7,9    0,0    8,2    0,0    1,4   13,3  14:27      2
 25    9,5   16,2  14:51    4,4  07:55    8,8    0,0    7,9    0,0    2,0   13,3  09:08     14
 26    8,6   15,2  15:46    3,1  06:35    9,7    0,0    9,8    0,0    3,2   19,4  10:09     25
 27    8,1   15,8  14:31    2,4  07:14   10,2    0,0   11,0    0,0    2,9   15,8  09:04     21
 28    9,8   16,0  14:45    4,6  02:58    8,6    0,0    9,7    0,0    3,1   15,8  05:16     26
 29   11,7   15,6  15:35    8,3  07:45    6,6    0,0    0,0    0,0    2,0   11,2  08:57     19
 30   12,8   19,0  14:58    8,8  07:35    5,6    0,0    0,0    0,0    2,5   13,3  09:23     17
 31   10,7   16,8  15:46    5,6  06:10    7,6    0,0    3,4    0,0    1,6    9,7  09:10      4
-------------------------------------------------------------------------------------------------
      11,7   21,6     12    2,3     20  206,4    0,0  119,2   23,1    2,6   61,2     03     26
    
