                   MONTHLY CLIMATOLOGICAL SUMMARY for ene 2024


NAME: Utrera 'La Mulata', Sevilla, Andalucia, Spain                  
ELEV: 56 meters    LAT: 37-11.44 N    LONG: 005-46.04 W


                   TEMPERATURE (C), RAIN (mm), WIND SPEED (km/h), HORASFRIO (horas)

                                         HEAT   COOL                 AVG
      MEAN                               DEG    DEG    HORAS         WIND                   DOM
DAY   TEMP   HIGH   TIME    LOW   TIME   DAYS   DAYS   FRIO    RAIN  SPEED   HIGH   TIME    DIR
-------------------------------------------------------------------------------------------------
 01   12,9   18,8  14:56    9,7  00:51    5,4    0,0    0,0    0,0    1,9   15,8  10:08     10
 02   12,8   21,8  15:38    6,9  07:30    5,5    0,0    0,2    0,0    2,1   12,2  07:47     16
 03   13,6   20,6  15:03    7,2  04:20    4,8    0,0    0,0    0,0    1,9   17,3  04:09     18
 04   14,8   17,8  15:32   12,8  06:55    3,5    0,0    0,0   11,7    2,9   20,9  15:38    220
 05   11,8   15,6  16:16    7,8  23:46    6,5    0,0    0,0    0,0    5,9   20,9  08:01    260
 06    8,5   13,3  16:45    5,3  07:45    9,9    0,0    8,3    0,0    1,5   11,2  00:16    229
 07    8,0   14,4  16:03    3,1  07:56   10,3    0,0   11,0    0,0    3,4   23,4  11:14     24
 08    7,7   12,8  16:31    2,9  06:28   10,6    0,0   10,3    3,6    3,0   14,8  10:15     24
 09   10,3   12,0  14:54    8,4  00:00    8,1    0,0    0,0    0,3    3,3   17,3  06:21     36
 10   11,9   16,0  16:35    9,4  23:56    6,5    0,0    0,0    0,0    1,3   15,8  10:49     13
 11   10,6   15,5  15:38    6,6  05:27    7,7    0,0    1,5    0,0    1,9   18,4  11:16     25
 12   11,6   20,4  16:17    6,1  05:18    6,7    0,0    5,5    0,0    3,5   15,8  08:59     26
 13   11,9   16,8  13:59    8,6  01:19    6,4    0,0    0,0    0,0    4,1   15,8  09:49     22
 14   14,4   24,1  14:56    7,5  07:22    3,9    0,0    0,0    0,0    3,9   24,5  14:32    211
 15   16,9   20,5  13:46   13,6  05:35    1,5    0,0    0,0    0,0    4,1   19,4  11:46    197
 16   14,5   20,5  14:18    9,7  08:09    3,8    0,0    0,0    6,0    5,0   37,8  14:29    160
 17   17,3   20,3  11:59   15,6  00:16    1,0    0,0    0,0    3,6   11,8   49,0  11:28    213
 18   17,0   19,7  13:52   15,6  00:58    1,3    0,0    0,0    0,0    8,0   36,7  13:53    196
 19   15,2   17,3  13:43   11,6  23:54    3,2    0,0    0,0   14,7   10,7   49,0  07:28    215
 20   11,0   14,6  14:50    7,2  07:25    7,3    0,0    0,0    0,0    2,4   17,3  00:44    359
 21   11,9   18,4  13:59    7,1  07:42    6,5    0,0    0,0    0,0    3,6   20,9  15:11     35
 22   11,6   17,8  15:38    6,1  07:47    6,8    0,0    2,0    0,0    4,9   23,4  14:36     34
 23   14,2   22,3  14:46    8,7  03:42    4,1    0,0    0,0    0,0    5,7   24,5  11:33     36
 24   15,4   25,4  16:42    8,1  07:25    2,9    0,0    0,0    0,0    2,8   13,3  10:43     28
 25   16,1   25,4  14:32    9,7  07:49    2,2    0,0    0,0    0,0    3,3   15,8  15:40     13
 26   15,7   24,3  14:47    9,5  05:34    2,6    0,0    0,0    0,0    1,9   14,8  09:16     12
 27   15,5   23,4  16:30    9,1  07:53    2,9    0,0    0,0    0,0    1,6   12,2  12:59    328
 28   13,1   20,2  16:46    7,4  08:37    5,2    0,0    0,0    0,0    0,9    9,7  09:20     26
 29   13,9   20,0  14:16    8,9  07:09    4,4    0,0    0,0    0,0    1,1    9,7  11:48      7
 30   13,4   21,7  15:52    7,6  07:24    4,9    0,0    0,0    0,0    2,3   13,3  16:31     26
 31   13,2   21,4  14:49    7,5  07:03    5,1    0,0    0,0    0,0    3,0   18,4  16:09     22
-------------------------------------------------------------------------------------------------
      13,1   25,4     24    2,9     08  161,7    0,0   38,8   39,9    3,7   49,0     17     10
    
