                   MONTHLY CLIMATOLOGICAL SUMMARY for feb 2024


NAME: Utrera 'La Mulata', Sevilla, Andalucia, Spain                  
ELEV: 56 meters    LAT: 37-11.44 N    LONG: 005-46.04 W


                   TEMPERATURE (C), RAIN (mm), WIND SPEED (km/h), HORASFRIO (horas)

                                         HEAT   COOL                 AVG
      MEAN                               DEG    DEG    HORAS         WIND                   DOM
DAY   TEMP   HIGH   TIME    LOW   TIME   DAYS   DAYS   FRIO    RAIN  SPEED   HIGH   TIME    DIR
-------------------------------------------------------------------------------------------------
 01   12,7   20,5  14:47    6,8  06:50    5,7    0,0    1,5    0,0    3,6   20,9  16:08     28
 02   12,5   20,9  16:42    5,5  07:27    5,8    0,0    4,3    0,0    1,4   12,2  09:39     33
 03   13,1   21,8  16:36    5,0  06:55    5,2    0,0    4,0    0,0    1,8   13,3  16:03    355
 04   12,5   20,9  15:34    5,4  07:40    5,8    0,0    4,5    0,0    1,4    9,7  06:22     22
 05   12,0   17,8  14:41    5,5  07:06    6,3    0,0    3,7    0,0    1,1   12,2  15:24    321
 06   14,3   21,2  15:39    9,0  07:55    4,1    0,0    0,0    0,0    3,6   22,0  15:51    226
 07   14,9   20,3  15:44   10,8  06:25    3,5    0,0    0,0    0,0    1,6   13,3  13:34    308
 08   13,6   17,7  14:47   10,0  06:49    4,7    0,0    0,0    9,6    5,4   45,4  21:46    197
 09   14,8   17,3  15:54   13,3  00:25    3,6    0,0    0,0   22,5   13,9   61,2  00:00    200
 10   14,1   17,9  15:49   10,4  23:49    4,3    0,0    0,0    0,0    7,8   29,5  13:19    255
 11   13,0   17,5  22:40    9,4  02:37    5,4    0,0    0,0    6,0    3,3   39,2  23:21    208
 12   18,5   22,3  15:13   17,0  20:39    0,0    0,2    0,0    3,3    9,1   36,7  01:14    231
 13   18,4   22,1  15:06   15,8  00:00    0,0    0,1    0,0    0,0    3,4   22,0  15:41     21
 14   18,6   25,7  15:55   12,8  07:30    0,0    0,3    0,0    0,0    2,7   14,8  00:18     17
 15   15,0   15,7  01:07   14,2  02:52    3,3    0,0    0,0    0,3    3,1   24,5  07:58    356
 16
 17
 18
 19
 20
 21
 22
 23
 24
 25
 26
 27
 28
 29
-------------------------------------------------------------------------------------------------
      14,5   25,7     14    5,0     03   57,6    0,6   18,0   41,7    4,3   61,2     09    231
    
