                     CLIMATOLOGICAL SUMMARY for year 2023


NAME: Utrera 'La Mulata', Sevilla, Andalucia, Spain                  
ELEV: 56 meters    LAT: 37-11.44 N    LONG: 005-46.04 W


                                       TEMPERATURE (C)

                              HEAT    COOL                              MAX    MAX    MIN    MIN
          MEAN   MEAN         DEG     DEG                                >=     <=     <=     <=
 YR  MO   MAX    MIN    MEAN  DAYS    DAYS      HI  DAY     LOW  DAY     30      0      0    -20
------------------------------------------------------------------------------------------------
2023 01
2023 02
2023 03
2023 04
2023 05
2023 06
2023 07
2023 08
2023 09
2023 10   23,3   15,5   18,6    5,8    6,8    28,9   23    13,3   31      0      0      0      0
2023 11   22,1   11,6   16,4   62,5    5,0    27,4   14     5,3   25      0      0      0      0
2023 12   17,3    7,2   11,7  206,4    0,0    21,6   12     2,3   20      0      0      0      0
------------------------------------------------------------------------------------------------
          20,1   10,2   14,6  274,7   11,8    28,9  oct     2,3  dic      0      0      0      0


                  PRECIPITATION (mm)

                  MAX         ---DAYS OF RAIN---
                  OBS.               OVER
 YR  MO  TOTAL    DAY  DATE   0.30   3.00  30.00
------------------------------------------------
2023 01
2023 02
2023 03
2023 04
2023 05
2023 06
2023 07
2023 08
2023 09
2023 10  125,7  113,1    23      6      3      1
2023 11   21,3   13,2    29      5      2      0
2023 12   23,1   16,2    01      6      2      0
------------------------------------------------
         170,1  113,1   oct     17      7      1


          HORASFRIO (horas)

 YR  MO  TOTAL 
---------------
2023 10    0,0
2023 11    9,3
2023 12  119,2
---------------
         128,5



           WIND SPEED (km/h)

                                DOM
 YR  MO    AVG     HI   DATE    DIR
-----------------------------------
2023 01
2023 02
2023 03
2023 04
2023 05
2023 06
2023 07
2023 08
2023 09
2023 10    0,1  178,6     29    186 
2023 11    0,0  178,6     02    227 
2023 12    2,6   61,2     03     26 
-----------------------------------
           1,2  178,6    oct     26

