                   MONTHLY CLIMATOLOGICAL SUMMARY for oct 2023


NAME: Utrera 'La Mulata', Sevilla, Andalucia, Spain                  
ELEV: 56 meters    LAT: 37-11.44 N    LONG: 005-46.04 W


                   TEMPERATURE (C), RAIN (mm), WIND SPEED (km/h), HORASFRIO (horas)

                                         HEAT   COOL                 AVG
      MEAN                               DEG    DEG    HORAS         WIND                   DOM
DAY   TEMP   HIGH   TIME    LOW   TIME   DAYS   DAYS   FRIO    RAIN  SPEED   HIGH   TIME    DIR
-------------------------------------------------------------------------------------------------
 01
 02
 03
 04
 05
 06
 07
 08
 09
 10
 11
 12
 13
 14
 15
 16
 17
 18
 19
 20
 21
 22
 23   16,2   28,9  00:30   14,5  05:30    2,1    0,0    0,0  113,1    0,3   20,9  09:30    166
 24   17,7   22,5  14:40   13,6  05:50    0,6    0,0    0,0    0,3    0,0    7,2  13:28    191
 25   20,5   24,5  13:11   17,6  00:40    0,0    2,1    0,0    3,3    0,0   28,1  18:21    170
 26   20,5   23,2  14:22   18,7  06:22    0,0    2,2    0,0    0,6    0,0   23,4  11:57    182
 27   19,4   23,6  15:04   16,7  06:20    0,0    1,1    0,0    0,0    0,0    9,7  11:34    135
 28   19,0   24,0  15:08   14,4  06:39    0,0    0,7    0,0    0,0    0,0  107,6  14:44    183
 29   19,0   23,4  12:16   15,2  06:10    0,0    0,7    0,0    2,1    0,1  178,6  22:32    205
 30   18,3   22,5  14:01   15,2  23:47    0,0    0,0    0,0    6,3    0,0   17,3  07:53    275
 31   15,3   17,1  15:39   13,3  06:05    3,1    0,0    0,0    0,0    0,1   39,2  16:37     19
-------------------------------------------------------------------------------------------------
      18,6   28,9     23   13,3     31    5,8    6,8    0,0  125,7    0,1  178,6     29    186
    
